16.568069458007812
11.875572204589844
-23.357543945312504
-38.30554962158204
-16.559791564941406
16.254310607910156
11.67583465576172
-23.42216491699219
-32.94628143310547
-4.3990325927734375
22.259254455566406
5.701332092285157
-28.068733215332035
-32.680320739746094
-4.156837463378906
22.43148803710938
5.650596618652345
-28.255920410156254
-32.98393249511719
-4.132270812988281
22.338027954101566
5.344047546386719
-28.565139770507812
-32.98019409179688
-4.203834533691407
22.208251953125
5.473556518554688
-28.43643188476563
-32.87178039550782
-4.167518615722656
22.25311279296875
5.329627990722656
-28.659400939941406
-32.91423797607422
-4.033470153808595
22.18395233154297
5.137901306152345
-28.368339538574222
-32.693405151367195
-3.8342666625976567
22.424278259277344
5.1039886474609375
-28.61026763916016
-32.65815734863282
-3.8537597656250004
22.35458374023438
5.56060791015625
-28.01719665527344
-32.325439453125
-3.4051513671875004
22.605056762695316
5.308265686035157
-28.243370056152347
-32.30033874511719
-3.403282165527344
22.676086425781254
5.854072570800782
-27.76351928710938
-31.964416503906254
-3.1074142456054688
22.711067199707035
5.31200408935547
-28.057250976562504
-32.20794677734375
-3.448410034179688
22.25631713867188
5.152053833007813
-28.297843933105472
-32.32437133789063
-3.1589508056640625
22.667007446289062
5.0292205810546875
-28.530960083007816
-32.634124755859375
-3.777122497558594
22.040824890136722
4.530410766601563
-28.621749877929688
-32.16682434082031
-3.064422607421875
22.508926391601566
4.907188415527344
-28.391838073730472
-32.14679718017578
-3.174705505371094
22.465400695800785
4.981956481933595
-28.25431823730469
-32.04532623291016
-3.07403564453125
22.46566772460938
4.7087860107421875
-28.573684692382816
-31.99138641357422
-2.9512023925781254
22.335891723632812
4.284477233886719
-28.84231567382813
-32.14252471923829
-2.886314392089844
22.136955261230472
4.204902648925782
-28.85246276855469
-32.20367431640625
-3.1608200073242188
21.983947753906254
4.040412902832031
-29.058609008789066
-32.35107421875001
-3.016624450683594
22.165794372558594
4.21184539794922
-28.877563476562504
-32.347068786621094
-2.962150573730469
22.20371246337891
3.8769912719726562
-29.003601074218754
-32.05467224121094
-2.515945434570313
22.782897949218754
4.337348937988282
-28.917617797851566
-32.097930908203125
-2.607803344726563
22.523078918457035
4.157371520996095
-28.95420074462891
-31.81781768798828
-2.558135986328125
22.18955993652344
3.774185180664063
-29.221496582031254
-32.18524932861328
-2.8377151489257817
21.914520263671875
3.4096908569335938
-29.48318481445313
-32.245597839355476
-2.693252563476563
22.176475524902344
3.6612319946289067
-29.231376647949222
-31.950798034667972
-2.4409103393554688
22.21813201904297
3.655624389648438
-29.305610656738285
-32.311553955078125
-2.805404663085938
22.08702087402344
3.4817886352539067
-29.42550659179688
-32.03250885009766
-2.4585342407226562
22.13134765625
3.2297134399414067
-29.70615386962891
-32.352409362792976
-2.866287231445313
21.857643127441406
3.041458129882813
-29.87411499023438
-32.4026107788086
-2.6996612548828125
21.82132720947266
2.6977920532226562
-30.06584167480469
-32.18605041503907
-2.468681335449219
21.977005004882812
2.9669570922851567
-29.813499450683594
-32.17590332031251
-2.3712158203125
21.82025909423828
2.5995254516601562
-30.07652282714844
-32.159881591796875
-2.3888397216796875
21.81785583496094
2.5963211059570312
-29.869041442871097
-31.81888580322266
-2.2120666503906254
21.77299499511719
2.6013946533203125
-29.813499450683594
-31.91715240478516
-2.3172760009765625
21.771926879882812
2.4563980102539067
-30.061035156250004
-32.109947204589844
-2.3549270629882812
21.692886352539066
2.423553466796875
-29.930992126464847
-32.180709838867195
-2.4307632446289062
21.745223999023438
2.3183441162109375
-30.287742614746097
-32.39887237548828
-2.4478530883789062
21.507568359375004
2.1132659912109375
-30.40817260742188
-32.173500061035156
-2.167205810546875
21.61197662353516
2.075881958007813
-30.47172546386719
-32.34573364257813
-2.485771179199219
21.429328918457035
2.1007156372070312
-30.258369445800785
-32.02423095703126
-2.0932388305664062
21.733207702636722
1.8005752563476565
-30.69656372070313
-32.120094299316406
-2.064933776855469
21.52011871337891
1.7372894287109375
-30.592155456542972
-32.18418121337891
-2.1097946166992188
21.36363983154297
1.3653182983398438
-30.979614257812504
-32.35694885253906
-2.137832641601563
21.525726318359375
1.534881591796875
-30.921936035156254
-32.31182098388672
-2.257461547851563
21.381797790527347
1.3840103149414065
-30.96786499023438
-32.364959716796875
-2.0598602294921875
21.127586364746094
0.7196426391601562
-30.99510192871094
-31.851463317871094
-1.6027069091796877
21.595687866210938
1.259574890136719
-30.85838317871094
-32.05200195312501
-1.878013610839844
21.37992858886719
0.9797286987304689
-31.369476318359382
-32.329978942871094
-2.0670700073242188
21.075782775878906
0.9362030029296876
-30.894165039062504
-31.758270263671882
-1.5679931640625
21.31450653076172
0.7735824584960939
-31.405792236328125
-32.31235504150391
-1.8713378906250002
21.04320526123047
0.5353927612304689
-31.25732421875
-32.080307006835945
-1.9455718994140627
20.879516601562504
0.21736145019531253
-31.82102203369141
-32.617034912109375
-2.572021484375
20.64960479736328
0.4312515258789063
-31.835441589355472
-32.585792541503906
-1.9351577758789062
20.794601440429688
0.21202087402343753
-31.839447021484375
-32.52597808837891
-2.0203399658203125
20.687522888183597
0.0635528564453125
-31.590576171875004
-32.36335754394531
-2.121543884277344
20.610885620117188
-0.23471832275390628
-32.12810516357422
-32.874984741210945
-2.113800048828125
20.841064453125004
-0.3142929077148438
-32.34813690185547
-32.60314941406251
-1.8830871582031252
20.681648254394535
-0.3944015502929688
-32.52357482910156
-32.89981842041016
-2.373886108398438
20.401000976562504
-0.5223083496093751
-32.8683090209961
-33.031463623046875
-2.1832275390625
20.526504516601566
-0.4616928100585938
-32.307548522949226
-32.64747619628906
-2.1933746337890625
20.55694580078125
-0.30254364013671875
-32.27737426757813
-32.20954895019531
-1.3709259033203127
20.852279663085938
-0.39093017578125
-32.316627502441406
-32.47844696044922
-1.6278076171875
20.982055664062504
-0.23872375488281253
-31.770286560058597
-31.78897857666016
-1.1778640747070315
21.046943664550785
-0.3506088256835938
-32.378044128417976
-32.66429901123047
-1.9268798828125002
20.681648254394535
-0.538330078125
-32.20233917236329
-32.28778839111329
-1.3257980346679688
20.705146789550785
-0.5052185058593751
-32.150001525878906
-32.12944030761719
-1.0424804687500002
20.896339416503906
-0.8382034301757814
-32.56736755371094
-32.34119415283204
-1.3527679443359377
20.755615234375004
-0.6267166137695314
-32.25654602050781
-32.154541015625
-1.1452865600585938
20.826377868652344
-1.1418151855468752
-32.90916442871094
-32.3382568359375
-1.3383483886718752
20.52997589111328
-1.2363433837890625
-32.81143188476563
-32.45254516601563
-1.4398193359375002
20.686187744140625
-0.9524917602539064
-32.470703125
-32.002067565917976
-1.1308670043945315
20.554008483886722
-1.13433837890625
-32.35961914062501
-31.847724914550785
-1.0034942626953125
20.555076599121094
-1.3639831542968752
-32.514762878417976
-31.735038757324226
-0.984001159667969
20.325698852539062
-1.9306182861328125
-33.58528137207031
-33.277397155761726
-2.3060607910156254
18.93100738525391
-3.1528091430664067
-34.88517761230469
-34.41680908203126
-3.335990905761719
18.1109619140625
-4.370460510253906
-36.111373901367195
-35.13458251953126
-3.9846038818359384
17.07248687744141
-4.9416351318359375
-36.527938842773445
-35.95249176025391
-4.989967346191407
16.16832733154297
-6.282386779785156
-37.97657012939454
-36.778678894042976
-5.722961425781251
15.69408416748047
-6.9176483154296875
-38.18084716796876
-36.95224761962891
-5.344848632812501
15.99822998046875
-7.034873962402344
-38.556022644042976
-37.237968444824226
-5.91228485107422
15.529861450195314
-6.886138916015625
-37.984046936035156
-36.62994384765626
-5.061264038085938
15.798759460449219
-7.020187377929688
-38.03852081298829
-36.665992736816406
-4.891700744628907
16.44123077392578
-6.379318237304688
-37.99392700195313
-36.403770446777344
-4.417724609375001
16.66366577148438
-6.4636993408203125
-38.15601348876953
-36.58935546875
-4.622001647949219
16.628952026367188
-6.7916107177734375
-38.33572387695313
-36.60564422607422
-4.188613891601563
17.024955749511722
-6.466369628906251
-38.01395416259766
-36.363449096679695
-4.177665710449219
16.924285888671875
-6.61510467529297
-38.09406280517579
-36.43795013427735
-4.368324279785156
16.44657135009766
-7.032470703125001
-38.18458557128906
-36.308441162109375
-4.529342651367188
16.15898132324219
-7.279739379882813
-38.597946166992195
-36.50337219238282
-4.712791442871094
16.082611083984375
-7.086143493652345
-38.27564239501954
-36.25156402587891
-4.211311340332031
16.448974609375
-6.646881103515625
-37.51647949218751
-35.75408935546876
-4.24468994140625
16.322669982910156
-6.663703918457032
-37.41153717041016
-35.449943542480476
-3.417167663574219
17.041244506835938
-6.594009399414063
-37.68257141113281
-35.77278137207031
-3.8780593872070317
16.8377685546875
-6.517906188964844
-37.4398422241211
-35.4144287109375
-3.610763549804688
17.286376953125
-6.248741149902345
-37.26707458496094
-35.0555419921875
-3.171234130859375
17.407341003417972
-6.2233734130859375
-36.80164337158204
-34.85687255859375
-3.1520080566406254
