-53.7008285522461
-76.17717742919923
-42.30484008789063
10.093154907226562
2.8964614868164067
-51.04362487792969
-71.8203353881836
-37.364006042480476
14.02275085449219
6.79027557373047
-39.965934753417976
-55.49659729003907
-24.759178161621094
18.24394226074219
8.727302551269533
-37.94185638427735
-54.0340805053711
-24.318580627441406
18.416709899902347
9.737739562988281
-37.060661315917976
-54.27734375000001
-25.44357299804688
17.124290466308597
8.994598388671875
-37.73918151855469
-55.43064117431641
-26.88526153564453
16.54216766357422
9.621582031250002
-37.9738998413086
-59.89456176757813
-35.124168395996094
10.782890319824219
7.798309326171876
-40.73364257812501
-62.77606964111329
-34.48169708251953
14.636917114257814
12.431259155273438
-36.833152770996094
-59.75677490234376
-32.02129364013672
16.464462280273438
14.295654296875002
-34.559135437011726
-57.53376007080079
-30.823135375976562
16.486091613769535
15.798225402832035
-30.308837890625004
-52.02014923095703
-26.027565002441406
20.13236999511719
20.241584777832035
-23.610153198242188
-45.41118621826172
-21.842155456542972
21.867256164550785
22.162055969238285
-20.14972686767578
-42.26184844970703
-20.481376647949222
20.91690063476563
21.76445007324219
-17.84793853759766
-39.380607604980476
-19.473609924316406
19.691505432128906
21.275253295898438
-15.35575866699219
-33.82160186767579
-13.066787719726562
23.685722351074222
24.6563720703125
-8.541717529296877
-24.96879577636719
-6.318969726562501
27.24334716796875
26.89060211181641
-7.359580993652345
-26.955490112304688
-11.762351989746096
21.786613464355472
24.033393859863285
-11.624298095703127
-33.88675689697266
-18.325920104980472
18.50883483886719
23.111343383789066
-12.424583435058594
-35.201339721679695
-19.088287353515625
18.866653442382816
24.53968048095703
-10.50304412841797
-33.42987060546875
-17.92083740234375
20.084304809570316
26.81182861328125
-7.57080078125
-30.82206726074219
-15.462837219238283
22.603454589843754
29.85996246337891
-4.455375671386719
-28.206253051757812
-13.45451354980469
24.46517944335938
32.303009033203125
-1.9439697265625
-26.494331359863285
-11.920433044433596
26.527175903320316
34.95487213134766
0.3799819946289063
-24.92340087890625
-11.071548461914062
26.90288543701172
35.60161590576172
1.2277984619140625
-24.308433532714844
-10.545501708984375
27.683677673339847
36.675872802734375
2.3621368408203125
-23.332710266113285
-10.307579040527344
28.191833496093754
38.108749389648445
3.9587020874023438
-22.083816528320312
-8.961753845214846
29.382781982421875
39.17205810546876
4.80438232421875
-21.82907104492188
-9.308357238769531
29.038047790527347
38.971786499023445
4.3093109130859375
-22.574615478515625
-9.893684387207031
28.655662536621097
38.9950180053711
4.1405487060546875
-23.20026397705078
-10.733489990234377
28.21640014648438
38.51783752441407
3.751487731933594
-23.67637634277344
-11.510810852050783
27.262840270996097
37.577629089355476
2.2299575805664062
-25.762939453125
-13.40404510498047
25.77896118164063
36.162643432617195
0.38318634033203125
-27.882080078125004
-15.517311096191408
24.164505004882816
35.069694519042976
-0.4061508178710938
-28.476753234863285
-15.756568908691408
23.419494628906254
34.38102722167969
-0.5305862426757812
-28.183288574218754
-15.915718078613281
23.293724060058594
34.561805725097656
-0.10200500488281251
-28.06446075439453
-16.102371215820312
22.92282104492188
34.33536529541016
0.0080108642578125
-27.663917541503906
-16.06204986572266
22.42160797119141
34.28009033203126
0.34687042236328125
-27.627868652343754
-16.174468994140625
22.370872497558594
34.10438537597656
0.40000915527343756
-27.536811828613285
-16.495437622070312
21.409301757812504
33.38607788085938
0.20721435546875003
-27.863121032714847
-17.500267028808594
19.68402862548828
31.62609100341797
-1.50390625
-29.53952789306641
-19.626884460449222
17.226028442382816
29.124832153320316
-4.016380310058595
-32.57698059082031
-22.52948760986328
14.588584899902346
26.344261169433597
-6.30828857421875
-33.94657135009766
-24.304428100585938
12.252883911132814
24.390144348144535
-7.89257049560547
-35.28278350830078
-25.78617095947266
10.546569824218752
22.532424926757816
-9.403953552246094
-36.63822174072266
-27.149620056152347
8.629035949707031
19.93183135986328
-11.856079101562502
-37.99018859863282
-28.037757873535156
7.277603149414063
18.681869506835938
-12.651824951171877
-38.799552917480476
-28.68717193603516
6.984138488769532
19.12220001220703
-11.41441345214844
-37.48363494873047
-27.501296997070316
8.614883422851562
20.906753540039066
-10.183410644531252
-36.62540435791016
-26.788330078125004
9.019699096679688
21.293678283691406
-9.715309143066408
-36.229667663574226
-26.329040527343754
9.533729553222656
21.881408691406254
-9.100608825683594
-35.47183990478516
-25.75279235839844
10.352973937988283
22.782363891601562
-8.517684936523438
-35.031776428222656
-25.543441772460938
10.55644989013672
23.310012817382816
-7.94384002685547
-34.72816467285156
-25.258255004882812
10.790901184082033
23.556747436523438
-7.571868896484376
-34.457664489746094
-25.21926879882813
10.803718566894531
23.893203735351566
-7.238349914550782
-34.62562561035157
-25.420608520507816
10.997047424316408
23.786392211914066
-7.260780334472657
-34.64618682861328
-25.69538116455078
10.390892028808596
23.82617950439453
-7.199630737304688
-34.78931427001954
-25.60592651367188
10.885696411132814
24.273185729980472
-6.64073944091797
-33.94149780273438
-25.290031433105472
10.417327880859375
24.060363769531254
-6.428985595703126
-34.279823303222656
-26.058006286621097
9.891014099121096
23.532981872558597
-7.283744812011719
-34.512138366699226
-26.183776855468754
9.284858703613283
23.017349243164066
-7.483215332031251
-35.133514404296875
-26.709556579589847
9.114761352539062
23.152465820312504
-7.0500946044921875
-34.40479278564453
-26.269226074218754
9.264564514160156
23.319358825683597
-6.857833862304688
-34.488639831542976
-26.35948181152344
9.41570281982422
23.441123962402347
-6.8183135986328125
-34.35111999511719
-26.435852050781254
8.875503540039064
23.516960144042972
-6.336326599121095
-34.29424285888672
-26.50554656982422
9.010887145996094
23.978385925292972
-5.846862792968751
-33.844032287597656
-26.202735900878906
9.218902587890627
23.886528015136722
-5.753936767578126
-33.589286804199226
-26.007537841796875
9.316101074218752
24.177055358886722
-5.665817260742188
-33.97674560546876
-26.557083129882816
9.156951904296875
23.980789184570316
-5.439910888671876
-33.539886474609375
-26.589660644531254
8.40099334716797
23.844871520996097
-5.590248107910156
-34.01039123535156
-26.75922393798828
8.64532470703125
24.211769104003906
-5.148048400878907
-33.61572265625001
-26.539993286132816
8.779373168945312
24.118309020996094
-5.2375030517578125
-33.827743530273445
-27.044677734375
8.313674926757812
24.114570617675785
-4.8892974853515625
-33.313713073730476
-26.51462554931641
8.512611389160156
24.061164855957035
-5.029754638671876
-33.49662780761719
-27.050285339355472
8.311004638671877
24.420051574707035
-4.765663146972657
-33.68621826171876
-27.091941833496097
8.064537048339844
24.37946319580078
-4.502906799316406
-33.30970764160156
-26.761093139648438
8.554534912109377
24.759712219238285
-4.1074371337890625
-32.963104248046875
-26.63639068603516
8.282165527343752
24.514045715332035
-3.5629653930664067
-32.239189147949226
-26.223030090332035
8.751068115234377
25.372276306152347
-3.2099533081054688
-32.26722717285157
-26.232376098632816
8.474693298339844
25.024070739746097
-3.5920715332031254
-32.83226013183594
-27.18193054199219
8.067207336425781
24.845962524414062
-3.589134216308594
-32.825584411621094
-27.247085571289066
7.901115417480469
25.367469787597656
-3.0174255371093754
-32.34626770019532
-26.485519409179688
8.620758056640625
26.058540344238285
-2.118606567382813
-31.635704040527347
-26.53091430664063
8.29071044921875
25.60752868652344
-2.4638748168945317
-32.153739929199226
-27.24308013916016
7.75798797607422
25.639305114746097
-2.3591995239257812
-31.90433502197266
-26.76883697509766
7.726478576660157
25.283889770507812
-2.3175430297851567
-31.649055480957035
-27.134399414062504
7.443428039550782
25.27347564697266
-2.659873962402344
-32.622642517089844
-27.994232177734375
6.591072082519532
24.461441040039066
-3.096733093261719
-32.82691955566407
-28.03028106689453
6.3616943359375
24.547424316406254
-2.776298522949219
-32.393531799316406
-27.892761230468754
6.3301849365234375
24.288406372070312
-2.8823089599609375
-32.10460662841797
-27.69515991210938
6.686668395996095
24.959182739257816
-2.252120971679688
-31.810607910156254
-27.38914489746094
6.441001892089845
24.78588104248047
-2.0398330688476562
-31.78550720214844
-27.543220520019535
6.525917053222657
24.790420532226566
-2.041168212890625
-32.11662292480469
-28.391571044921875
5.604934692382813
24.28867340087891
-2.3944473266601562
-32.462158203125
-28.65726470947266
5.454330444335938
24.39762115478516
-2.2537231445312504
-32.407951354980476
-28.597183227539066
5.791587829589845
25.031280517578125
-1.577873229980469
-32.316093444824226
-28.937377929687504
5.3881072998046875
24.829406738281254
-1.6072463989257815
-32.232780456542976
-28.860740661621097
5.495185852050782
25.06412506103516
-1.6627883911132815
-32.16068267822266
-28.576354980468754
5.20519256591797
24.657173156738285
-1.6230010986328127
-32.308616638183594
-28.97689819335938
5.156059265136719
24.8358154296875
-1.5890884399414065
-32.7785873413086
-29.80442047119141
4.311180114746094
24.416580200195316
-1.871604919433594
-32.81009674072266
-30.007095336914066
3.8412094116210938
23.79653930664063
-2.556533813476563
-33.536415100097656
-29.882926940917972
4.443092346191406
24.51885223388672
-1.4184570312500002
-32.38658905029297
-29.640731811523438
4.3915557861328125
25.235557556152344
-0.6045532226562501
-31.95560455322266
-29.3560791015625
4.607315063476563
25.060119628906254
-0.8216476440429689
-31.645584106445316
-29.169158935546875
4.409446716308594
24.868659973144535
-0.866241455078125
-32.16896057128907
-29.92752075195313
3.7229156494140625
24.62619781494141
-0.6179046630859376
-31.952400207519535
-29.804687500000004
3.9386749267578125
24.67960357666016
-0.59173583984375
-31.735305786132816
-29.706687927246094
3.562431335449219
24.743957519531254
-0.25180816650390625
-31.58042907714844
-29.517631530761722
4.091682434082032
25.329284667968754
0.4980087280273438
-30.466384887695316
-28.218002319335938
5.437507629394531
26.88846588134766
2.514877319335938
-27.97687530517578
-25.912742614746097
7.873878479003907
29.46903228759766
4.806785583496095
-26.795005798339847
-25.554924011230472
7.942771911621094
29.323234558105472
4.39556121826172
-27.493553161621094
-26.325569152832035
6.841278076171875
28.172607421875004
3.6540222167968754
-28.279418945312504
-27.858848571777347
4.958457946777345
26.56482696533203
2.2299575805664062
-29.676513671875
-28.845787048339847
3.962173461914063
25.896720886230472
1.449699401855469
-30.86826324462891
-29.89707946777344
3.261489868164063
25.38909912109375
1.3279342651367188
-30.750236511230472
-30.12992858886719
2.5944519042968754
24.79148864746094
1.0040283203125002
-30.83328247070313
-30.392417907714847
2.2171401977539062
24.660911560058597
0.7968139648437501
-31.246643066406254
-31.03916168212891
1.6310119628906252
24.25796508789063
0.3944015502929688
-31.84505462646485
-31.185226440429688
1.5583801269531252
23.96129608154297
0.46569824218750006
-31.59885406494141
-31.39511108398438
1.0921478271484375
23.886795043945316
0.4061508178710938
-31.628494262695316
-31.04637145996094
1.7565155029296877
24.70390319824219
1.0235214233398438
-31.68323516845704
-31.50432586669922
1.3645172119140627
24.388809204101566
0.9970855712890627
-31.40018463134766
-31.607131958007816
0.8969497680664064
24.04327392578125
1.0109710693359377
-31.61140441894532
-31.745986938476562
1.0192489624023438
24.48467254638672
1.4488983154296877
-31.048774719238285
-31.31980895996094
1.0251235961914062
24.32205200195313
0.970916748046875
-31.834640502929688
-31.748924255371097
0.8072280883789062
24.28173065185547
1.4958953857421877
-31.23649597167969
-31.866950988769535
0.4275131225585938
24.24915313720703
1.5626525878906252
-31.237564086914066
-32.13691711425781
0.12523651123046878
24.202423095703125
1.5503692626953125
-31.602859497070312
-32.4496078491211
-0.07236480712890626
23.91376495361328
1.5535736083984377
-30.891494750976562
-31.693115234375007
0.5388641357421876
24.721260070800785
2.2200775146484375
-30.814323425292972
-31.995925903320316
0.021629333496093753
24.241142272949222
1.957054138183594
-30.894432067871097
-32.12196350097656
-0.15407562255859375
23.96263122558594
1.8339538574218752
-31.24370574951172
-32.498741149902344
-0.6641006469726562
23.773574829101562
2.1375656127929688
-30.913658142089847
-32.41008758544922
-0.42484283447265625
24.280662536621097
2.5098037719726567
-30.915794372558594
-32.65869140625
-0.7239151000976562
24.073448181152347
2.6796340942382812
-30.49442291259766
-32.275238037109375
-0.8432769775390626
24.036331176757816
2.5802993774414067
-30.80417633056641
-32.713432312011726
-1.01898193359375
23.997344970703125
2.687911987304688
-30.519523620605472
-32.486190795898445
-1.02325439453125
23.886260986328125
2.6871109008789067
-30.72940826416016
-33.25336456298828
-1.7151260375976565
23.795738220214847
2.8996658325195317
-30.882682800292972
-33.20556640625001
-1.6670608520507815
23.66489410400391
2.7044677734375
-30.827407836914066
-33.473930358886726
-2.2499847412109375
23.255538940429688
2.9255676269531254
-30.524330139160156
-33.09928894042969
-1.7896270751953127
23.745002746582035
3.139724731445313
-30.263442993164066
-32.68379211425781
-1.4750671386718752
24.104423522949222
3.5277175903320317
-29.995079040527347
-32.68833160400391
-1.7212677001953125
24.062232971191406
3.978996276855469
-29.71256256103516
-33.08834075927735
-2.3282241821289062
23.645401000976566
3.549613952636719
-30.01377105712891
-32.99167633056641
-2.129287719726563
23.885459899902344
3.9047622680664067
-29.684524536132816
-32.78099060058594
-2.195510864257813
23.82190704345703
4.04308319091797
-29.669837951660156
-32.987403869628906
-2.2935104370117188
24.011230468750004
4.103965759277345
-30.208168029785156
-33.539352416992195
-2.545318603515625
23.803482055664066
3.9830017089843754
-30.42819976806641
-34.246177673339844
-3.7635040283203125
22.546310424804688
2.7341079711914062
-31.398315429687504
-35.05393981933594
-4.477806091308595
21.977539062500004
2.4895095825195312
-31.65012359619141
-35.26542663574219
-4.640693664550782
22.060852050781254
2.8262329101562504
-31.245841979980472
-35.25794982910157
-4.76165771484375
22.022132873535156
3.143997192382813
-30.88615417480469
-35.094528198242195
-4.674339294433595
22.311058044433597
3.299942016601563
-30.88909149169922
-35.060882568359375
-5.0217437744140625
21.950569152832035
3.1423950195312504
-30.979614257812504
-35.209884643554695
-4.946174621582032
22.25364685058594
3.5576248168945317
-30.630874633789066
-35.010414123535156
-5.028419494628906
22.28595733642578
3.9568328857421875
-30.319786071777347
-34.92362976074219
-4.843635559082031
22.488899230957035
4.197158813476563
-30.15609741210938
-34.82776641845704
-4.99370574951172
22.365798950195312
4.006233215332031
-30.495223999023438
-35.313758850097656
-5.533103942871094
21.87980651855469
4.006233215332031
-30.285339355468754
-35.34046173095703
-5.744056701660157
21.954040527343754
4.1950225830078125
-30.167312622070316
-35.299072265625
-5.6893157958984375
22.10250854492188
4.487152099609376
-29.960899353027347
-35.182914733886726
-5.402259826660156
22.32654571533203
4.656715393066406
-29.760627746582035
-35.26863098144532
-6.073837280273438
21.793556213378906
4.3627166748046875
-30.24955749511719
-35.66890716552735
-6.202011108398438
21.707839965820316
4.8273468017578125
-29.590530395507816
-35.40348052978516
-6.259956359863282
22.04349517822266
5.078086853027344
-29.824714660644535
-35.79708099365235
-6.614837646484376
21.456565856933597
4.3381500244140625
-30.382537841796875
-36.60858154296876
-7.352638244628907
21.02798461914063
4.079132080078126
-30.815658569335938
-37.24037170410156
-8.549728393554688
19.69310760498047
3.063888549804688
-31.553726196289066
-37.867889404296875
-9.107551574707033
19.30858612060547
2.8841781616210938
-31.584701538085945
-37.87590026855469
-9.073638916015627
19.70512390136719
3.4390640258789067
-31.339836120605472
-37.93518066406251
-9.415969848632812
18.83407592773438
2.6745605468750004
-32.317161560058594
-39.76112365722657
-11.623497009277344
17.078895568847656
0.9273910522460938
-34.034423828125
-41.10614776611329
-12.953033447265627
15.835876464843752
0.26222229003906256
-34.26166534423829
-41.03591918945313
-12.514038085937502
16.486091613769535
1.2026977539062502
-33.219451904296875
-40.06179809570313
-11.745262145996096
17.552871704101562
2.5861740112304688
-31.84612274169922
-38.686332702636726
-10.48248291015625
18.94062042236328
3.9757919311523438
-30.60043334960938
-37.67002105712891
-9.433059692382812
19.953460693359375
5.0591278076171875
-29.47116851806641
-36.859588623046875
-8.8653564453125
20.263214111328125
5.291976928710938
-29.455947875976566
-36.99150085449219
-9.086189270019533
20.32676696777344
5.509605407714845
-29.14939880371094
-37.008056640625
-9.629859924316408
19.88456726074219
5.485839843750001
-29.21054840087891
-36.993370056152344
-9.410362243652346
19.882164001464847
5.121612548828126
-29.540061950683597
-37.321815490722656
-10.027999877929688
19.738235473632812
5.76568603515625
-28.99051666259766
-37.25906372070313
-9.950027465820312
19.847183227539066
6.057281494140625
-28.434829711914062
-36.67854309082032
-9.46910858154297
20.435447692871097
6.495208740234375
-27.97500610351563
-35.9100341796875
-9.190864562988283
20.48484802246094
6.759300231933594
-27.96806335449219
-36.380271911621094
-9.655494689941406
20.32516479492188
6.610031127929688
-28.16246032714844
-36.57306671142579
-9.776992797851562
20.01060485839844
6.546211242675782
-28.07861328125
-36.77467346191406
-9.998893737792969
19.709129333496094
6.700019836425782
-27.581138610839847
-36.25984191894532
-9.950828552246094
19.98416900634766
6.999092102050782
-27.59475708007813
-36.47800445556641
-10.083274841308596
19.972419738769535
7.164649963378906
-27.494888305664066
-36.5423583984375
-10.309715270996094
20.070686340332035
7.616195678710938
-27.580337524414062
-36.470794677734375
-9.421043395996094
21.248283386230472
9.339866638183596
-24.82353210449219
-33.76392364501953
-7.03166961669922
23.695068359375
11.758613586425783
-23.07235717773438
-32.390861511230476
-6.3825225830078125
23.799743652343754
11.442451477050781
-23.794136047363285
-33.61251831054688
-7.755851745605469
22.877159118652347
10.873680114746096
-24.284934997558597
-34.178085327148445
-8.234634399414064
22.4945068359375
10.456581115722656
-24.52018737792969
-34.21894073486328
-8.20873260498047
22.303047180175785
10.397834777832033
-24.49668884277344
-34.497184753417976
-8.697128295898438
21.94202423095703
10.39756774902344
-24.659042358398438
-34.59091186523438
-8.937721252441408
21.938285827636722
10.644302368164062
-24.604835510253906
-34.90146636962891
-9.146270751953127
21.896629333496097
10.426406860351564
-24.571723937988285
-34.80587005615235
-9.275779724121094
21.89769744873047
10.753517150878908
-24.140205383300785
-34.65553283691407
-9.370307922363283
21.575927734375004
10.635223388671877
-24.18399810791016
-34.70760345458985
-9.400482177734375
21.75296783447266
10.903320312500002
-24.089469909667972
-34.682235717773445
-9.646148681640627
21.63494110107422
10.745506286621096
-24.123649597167972
-34.528160095214844
-9.4464111328125
21.88327789306641
11.568489074707031
-23.367156982421875
-34.103851318359375
-9.287528991699219
22.183418273925785
11.89586639404297
-23.43738555908203
-34.57382202148438
-9.845886230468752
21.564979553222656
11.594123840332033
-23.300666809082035
-34.605331420898445
-9.843750000000002
21.81011199951172
12.025642395019533
-22.783164978027344
-34.040565490722656
-9.41436767578125
22.101707458496097
12.347679138183596
-22.83977508544922
-34.32228088378907
-9.943885803222658
21.57272338867188
11.860885620117188
-23.08891296386719
-34.626426696777344
-10.389823913574219
21.244277954101562
11.856346130371094
-23.261680603027347
-34.89959716796876
-10.556983947753908
21.25389099121094
12.091865539550783
-23.06327819824219
-34.843788146972656
-10.454444885253906
21.535339355468754
12.695083618164064
-22.062454223632816
-33.829879760742195
-9.772987365722658
22.11639404296875
13.145561218261719
-21.633605957031254
-33.65604400634766
-9.949226379394531
22.175674438476562
13.288421630859377
-21.84482574462891
-34.05311584472657
-10.05363464355469
21.684341430664066
13.009109497070312
-21.891555786132816
-34.13856506347657
-10.509719848632814
21.630134582519535
12.778930664062502
-22.492370605468754
-34.23202514648438
-10.621604919433596
21.411972045898438
12.830467224121096
-22.697181701660156
-35.577316284179695
-12.35862731933594
19.51499938964844
10.99517822265625
-24.734611511230472
-37.543983459472656
-13.844642639160158
18.173446655273438
9.478721618652346
-25.473213195800785
-37.83851623535157
-14.421157836914064
18.015899658203125
9.891548156738281
-25.244102478027347
-37.94452667236328
-14.632110595703127
17.71415710449219
10.07713317871094
-25.06359100341797
-38.33438873291016
-15.179786682128908
17.627372741699222
10.097427368164064
-25.206985473632816
-38.17230224609376
-14.836654663085938
17.66075134277344
10.025062561035156
-25.362129211425785
-38.65962982177735
-15.437469482421877
17.057266235351562
9.692077636718752
-25.315933227539066
-38.46336364746094
-15.506896972656252
16.99451446533203
9.712638854980469
-25.401916503906254
-38.65482330322266
-15.626792907714846
17.41641998291016
10.37620544433594
-24.870796203613285
-38.326377868652344
-15.462303161621096
17.28557586669922
10.34709930419922
-24.57572937011719
-38.27911376953126
-15.639610290527347
17.520828247070316
10.778884887695314
-24.34127807617188
-37.89085388183594
-15.434265136718752
17.479171752929688
10.905723571777346
-24.16423797607422
-37.92102813720703
-15.548286437988283
17.463951110839847
11.127357482910158
-24.119110107421875
-38.019027709960945
-15.58647155761719
17.41722106933594
11.005592346191406
-24.137535095214844
-38.1875228881836
-15.774993896484377
17.047386169433597
10.78636169433594
-24.204826354980472
-38.14559936523438
-15.780334472656252
17.554206848144535
11.377830505371094
-23.84086608886719
-38.037986755371094
-16.04736328125
16.962738037109375
11.520957946777344
-23.347663879394535
-37.865753173828125
-15.841484069824219
17.34458923339844
11.667556762695314
-23.416824340820316
-37.96695709228516
-16.07166290283203
17.250328063964847
11.74846649169922
-23.15032958984375
-37.80780792236328
-16.14776611328125
17.333641052246097
11.970367431640627
-23.194656372070312
-37.95440673828125
-16.249771118164066
17.044715881347656
11.787452697753906
-23.068351745605472
-37.84919738769531
-16.5087890625
17.045516967773438
11.921768188476564
-23.181571960449222
-38.076171875
-16.58061981201172
16.870613098144535
12.042732238769533
-22.922019958496097
-37.74826049804688
-16.297302246093754
17.409210205078125
12.479324340820312
-22.731094360351566
-37.75680541992188
-16.45885467529297
17.089309692382816
12.613906860351564
-22.381820678710938
-37.462005615234375
-16.263122558593754
17.351264953613285
12.982673645019533
-22.057113647460938
-37.50980377197266
-16.693840026855472
17.119216918945316
12.959442138671877
-22.15991973876953
-37.48737335205078
-16.26953125
17.605209350585938
13.4539794921875
-21.75296783447266
-37.37789154052735
-16.69170379638672
17.069549560546875
12.939414978027346
-22.428283691406254
-37.969093322753906
-16.97021484375
16.823081970214847
13.17680358886719
-21.643753051757816
-37.62248992919922
-17.020416259765625
17.154197692871097
13.178939819335938
-21.98955535888672
-37.68871307373047
-17.016677856445316
17.160606384277344
13.884963989257812
-21.168174743652347
-37.161598205566406
-16.647377014160156
17.044715881347656
13.579483032226562
-21.24668121337891
-37.36427307128907
-17.175559997558594
16.914405822753906
13.84971618652344
-21.063499450683594
-37.15679168701172
-16.96994781494141
16.96033477783203
14.086570739746096
-20.67363739013672
-36.98295593261719
-16.734428405761722
17.224426269531254
14.375762939453127
-20.631713867187504
-37.435302734375
-17.352066040039066
16.69437408447266
13.815803527832033
-20.967369079589844
-37.654266357421875
-17.832984924316406
16.40972137451172
13.768272399902346
-21.21810913085938
-37.852935791015625
-18.069038391113285
16.015586853027344
14.000320434570314
-20.56682586669922
-37.35893249511719
-17.626304626464844
16.976089477539062
15.10581970214844
-19.95639801025391
-37.00298309326172
-17.223625183105472
17.289314270019535
15.397415161132814
-19.38282012939453
-36.29268646240235
-16.571006774902347
18.196678161621097
16.560058593750004
-18.196144104003906
-35.527381896972656
-16.324539184570312
17.940597534179688
16.050300598144535
-18.459434509277347
-35.66089630126953
-16.52881622314453
17.588653564453125
16.156845092773438
-18.397483825683597
-35.96103668212891
-16.819877624511722
17.755813598632816
16.46579742431641
-18.147010803222656
-35.65689086914063
-16.79424285888672
17.502136230468754
16.31492614746094
-18.44715118408203
-36.10309600830079
-17.104263305664066
17.65300750732422
16.554718017578125
-18.193740844726562
-36.05609893798829
-17.09117889404297
17.55767822265625
16.822280883789066
-18.26663970947266
-36.186676025390625
-17.21294403076172
17.312011718750004
16.67755126953125
-18.181190490722656
-36.111907958984375
-17.403335571289062
16.972084045410156
16.389160156250004
-18.186798095703125
-36.10736846923829
-17.612419128417972
16.9317626953125
16.369934082031254
-18.623123168945316
-36.97948455810547
-18.51364135742188
16.3336181640625
16.07273101806641
-18.62552642822266
-36.77734375000001
-18.462371826171875
16.205177307128906
16.298904418945316
-18.350486755371094
-36.825675964355476
-18.811912536621094
15.959510803222658
16.172065734863285
-17.99026489257813
-36.405906677246094
-18.521652221679688
16.457786560058594
16.62948608398438
-18.35315704345703
-36.96399688720704
-18.77452850341797
16.2908935546875
16.71440124511719
-17.66849517822266
-36.27880096435547
-18.605232238769535
16.276206970214844
16.82121276855469
-17.564353942871094
-36.452369689941406
-19.025535583496094
15.85430145263672
16.77928924560547
-17.530975341796875
-36.484413146972656
-19.02500152587891
15.740814208984377
16.6156005859375
-17.884788513183594
-36.97467803955078
-19.32781219482422
15.473785400390627
16.28715515136719
-17.9742431640625
-37.01179504394531
-19.739837646484375
15.068969726562502
16.346435546875004
-17.69145965576172
-36.90258026123047
-19.65171813964844
15.203819274902346
16.717605590820312
-17.613487243652344
-37.12554931640626
-19.884834289550785
15.13225555419922
16.654319763183597
-17.57316589355469
-37.00458526611328
-19.857864379882816
15.198211669921877
17.01934814453125
-17.241783142089847
-36.955184936523445
-20.03437042236328
14.87297058105469
16.842041015625004
-17.12615966796875
-36.74209594726563
-19.974288940429688
14.911689758300781
17.13363647460938
-17.10479736328125
-37.11353302001953
-20.298194885253906
14.911689758300781
17.40253448486328
-16.889572143554688
-36.751441955566406
-20.119018554687504
14.956016540527346
17.440452575683597
-16.53335571289063
-36.47186279296876
-20.199661254882812
14.964027404785158
18.05728912353516
-15.91197967529297
-36.00269317626954
-19.543571472167972
15.719451904296875
18.380393981933594
-15.831871032714846
-35.98426818847657
-19.27600860595703
15.958175659179688
18.36196899414063
-15.554695129394531
-35.913238525390625
-19.81967926025391
15.35575866699219
17.899208068847656
-15.942687988281252
-36.38828277587891
-20.4608154296875
14.56401824951172
17.898674011230472
-15.928001403808596
-36.708984375
-20.894737243652344
14.38591003417969
17.62603759765625
-16.016921997070316
-36.60377502441407
-20.947341918945312
14.438247680664064
18.026580810546875
-15.866050720214846
-36.89002990722657
-21.084861755371094
14.404602050781252
17.97931671142578
-15.67966461181641
-36.370391845703125
-20.735054016113285
14.73491668701172
18.229789733886722
-15.540008544921877
-36.27239227294922
-20.558547973632812
14.94773864746094
19.215660095214844
-14.305000305175783
-35.18131256103516
-19.210586547851566
16.74671173095703
21.11637115478516
-12.347679138183596
-33.09555053710938
-17.506141662597656
18.365707397460938
23.124961853027347
-11.384506225585938
-32.58392333984375
-16.969680786132812
18.391609191894535
22.47608184814453
-12.10014343261719
-33.96392822265625
-18.807106018066406
16.56753540039063
21.01757049560547
-12.915382385253908
-34.53536987304688
-19.543838500976562
15.976333618164064
20.488586425781254
-13.408584594726564
-35.28759002685547
-20.133171081542972
15.900764465332031
20.809020996093754
-12.884407043457031
-34.61200714111329
-19.481887817382812
16.73175811767578
21.852035522460938
-11.797065734863281
-33.46992492675781
-18.453826904296875
17.68024444580078
22.784500122070316
-10.73375701904297
-32.21702575683594
-16.70185089111328
19.70966339111328
25.066261291503906
-8.921966552734375
-30.64048767089844
-14.913024902343752
22.42881774902344
28.14777374267578
-6.385192871093751
-27.994499206542972
-10.913734436035158
27.865257263183597
33.99223327636719
-0.6112289428710939
-21.580200195312504
-2.5151443481445312
38.19686889648438
43.40019226074219
4.339485168457032
-19.919281005859375
-2.808609008789063
35.86170196533203
38.121299743652344
-2.122344970703125
-27.284202575683594
-11.124954223632812
27.18914031982422
29.921913146972656
-9.521980285644531
-33.84830474853516
-16.632423400878906
23.094253540039062
27.271919250488285
-11.337776184082031
-35.194931030273445
-17.971305847167972
22.055511474609375
26.742935180664066
-11.562080383300783
-35.539398193359375
-18.374786376953125
21.766319274902347
26.347198486328125
-12.363700866699219
-36.49829864501954
-19.49069976806641
20.30914306640625
25.02059936523438
-13.396034240722658
-37.72075653076172
-20.745735168457035
19.343032836914066
24.39975738525391
-13.712463378906252
-37.55226135253906
-20.539054870605472
19.568138122558594
24.933547973632812
-13.099632263183596
-37.26413726806641
-20.320091247558597
19.8626708984375
25.542907714843754
-12.852363586425783
-37.40299224853516
-20.584182739257812
19.438896179199222
25.009651184082035
-13.421936035156252
-38.00327301025391
-21.270446777343754
19.18869018554688
25.00431060791016
-13.526611328125002
-38.09406280517579
-21.129722595214847
19.26559448242188
25.088157653808597
-13.11431884765625
-37.651596069335945
-21.24588012695313
19.05811309814453
24.954643249511722
-13.214988708496096
-37.979774475097656
-21.212234497070316
19.306983947753906
25.231018066406254
-13.321800231933596
-38.45375061035156
-21.875267028808594
18.97666931152344
25.245170593261722
-13.496170043945314
-38.71089935302735
-21.93695068359375
18.87413024902344
25.284690856933597
-13.29723358154297
-38.612098693847656
-21.942558288574222
18.944892883300785
25.575752258300785
-12.886009216308596
-38.36776733398438
-21.935615539550785
18.869323730468754
25.503387451171875
-12.695884704589844
-38.08418273925781
-21.697425842285156
19.307785034179688
26.28124237060547
-12.382392883300783
-38.251075744628906
-21.945228576660156
19.116325378417972
26.02622985839844
-12.399749755859377
-38.046531677246094
-21.862182617187504
19.22687530517578
26.41288757324219
-12.173309326171877
-38.26229095458985
-22.231216430664066
18.819656372070312
26.17443084716797
-12.595481872558596
-38.51543426513672
-22.10063934326172
19.337692260742188
26.618766784667972
-12.190933227539062
-38.36456298828125
-22.211990356445316
19.066390991210938
26.77818298339844
-11.853675842285158
-38.11862945556641
-22.167663574218754
19.25277709960938
27.213172912597656
-11.507606506347656
-37.96482086181641
-21.85897827148438
19.786033630371097
27.63828277587891
-11.430435180664062
-37.94586181640625
-22.133216857910156
19.128341674804688
27.444419860839844
-11.030693054199219
-37.64251708984375
-21.973800659179688
19.287757873535156
27.596092224121097
-11.259002685546877
-38.34026336669922
-22.746582031250004
18.87252807617188
27.41531372070313
-11.193580627441408
-37.83958435058594
-22.35458374023438
18.92059326171875
27.296218872070316
-11.463012695312502
-38.44200134277344
-23.05767059326172
18.403892517089844
26.970176696777347
-11.650733947753906
-38.84574890136719
-23.455276489257816
18.015632629394535
26.981925964355472
-11.657676696777346
-38.61156463623047
-23.12576293945313
18.564643859863285
27.80143737792969
-10.515861511230469
-37.96428680419922
-23.00933837890625
18.603630065917972
28.164596557617188
-10.06805419921875
-37.31086730957032
-22.828292846679688
18.497085571289066
28.143501281738285
-10.066452026367188
-37.70099639892578
-23.109741210937504
18.40335845947266
28.12694549560547
-9.944686889648438
-37.544784545898445
-23.055801391601566
18.16436767578125
28.076744079589847
-9.793548583984375
-37.65132904052735
-23.35460662841797
18.030052185058594
28.399314880371097
-9.35882568359375
-37.1533203125
-22.963409423828125
18.49014282226563
28.83670806884766
-8.937988281250002
-36.87240600585938
-22.67581939697266
18.95156860351563
29.67063903808594
-8.157196044921875
-36.14929199218751
-22.195701599121094
18.909645080566406
29.955024719238285
-7.230873107910157
-35.35408020019531
-21.432800292968754
20.27336120605469
31.43302917480469
-6.109619140625001
-34.06192779541016
-20.482711791992188
20.816497802734375
32.46295928955079
-4.2169189453125
-31.995391845703132
-17.970237731933597
23.924980163574222
35.630722045898445
-1.406974792480469
-29.614830017089844
-15.660705566406252
26.446800231933597
38.560028076171875
1.703643798828125
-27.012100219726562
-13.912734985351564
27.329330444335938
38.877525329589844
1.3968276977539062
-27.870864868164062
-15.380859375000002
25.47134399414063
37.22381591796876
-0.4611587524414063
-30.028190612792972
-17.390785217285156
23.43658447265625
35.070762634277344
-2.2889709472656254
-31.96521759033204
-19.726219177246097
21.301689147949222
33.43708038330078
-4.168853759765626
-33.92013549804688
-21.63467407226563
19.432487487792972
31.47708892822266
-6.041793823242188
-35.69480895996094
-23.535118103027344
17.45059967041016
29.74540710449219
-7.504844665527345
-37.24384307861329
-24.952774047851562
16.338157653808597
28.724555969238285
-9.001274108886719
-39.006767272949226
-26.85535430908203
14.013404846191406
26.616096496582035
-10.328407287597656
-40.195579528808594
-28.367004394531254
12.56664276123047
25.638236999511722
-11.3006591796875
-41.473846435546875
-29.769973754882812
11.382904052734377
24.459838867187504
-12.601623535156252
-42.705650329589844
-30.916862487792972
10.350303649902346
23.727645874023438
-13.450775146484377
-43.88538360595703
-32.21221923828126
8.976440429687502
22.16098785400391
-14.67082977294922
-44.96952056884766
-33.409042358398445
7.677345275878907
21.482734680175785
-14.837722778320314
-45.00877380371094
-33.74870300292969
7.29656219482422
21.254158020019535
-15.11089324951172
-45.67821502685547
-34.545516967773445
6.513900756835938
20.60073852539063
-15.923461914062502
-46.60694122314454
-35.70148468017578
5.534706115722656
19.947319030761722
-16.722412109375
-47.57225036621094
-36.50871276855469
4.420127868652344
18.66905212402344
-17.58224487304688
-48.23661804199219
-37.286300659179695
4.037742614746094
18.768119812011722
-17.346992492675785
-48.108177185058594
-37.176017761230476
4.167785644531251
18.88908386230469
-16.93042755126953
-47.62245178222656
-36.59442901611328
4.863395690917969
19.56413269042969
-16.598243713378906
-47.45609283447266
-36.97040557861329
3.9987564086914062
19.263992309570316
-16.555519104003906
-47.59895324707031
-36.856918334960945
4.1426849365234375
19.26986694335938
-16.70185089111328
-47.86331176757813
-37.33436584472657
3.902359008789063
19.526748657226566
-15.949363708496096
-47.06863403320313
-36.65264129638672
4.720268249511719
20.362014770507816
-15.376319885253908
-46.53404235839844
-36.25049591064453
4.928817749023438
20.871772766113285
-14.57683563232422
-45.76499938964844
-35.594940185546875
5.510406494140626
21.4178466796875
-14.155731201171875
-45.79383850097657
-36.00669860839844
4.818000793457032
21.01490020751953
-14.292984008789062
-46.25232696533203
-36.80644989013672
4.308776855468751
20.37830352783203
-15.08018493652344
-47.02430725097657
-37.60005950927735
3.3269119262695317
19.919548034667972
-15.017967224121096
-46.98078155517579
-37.85160064697266
3.019027709960938
19.919013977050785
-14.69993591308594
-46.27182006835938
-37.24998474121094
3.3076858520507812
20.507545471191406
-13.629417419433596
-45.50678253173829
-36.89510345458985
3.5031509399414062
20.768432617187504
-13.49082946777344
-45.64109802246094
-37.10498809814453
3.0972671508789067
20.404205322265625
-13.516464233398438
-45.45604705810547
-37.09590911865235
2.8865814208984375
20.398063659667972
-13.587493896484377
-45.923614501953125
-38.06922912597656
1.7076492309570315
19.49604034423828
-13.65318298339844
-45.55030822753907
-37.588844299316406
2.434768676757813
20.82584381103516
-12.32524871826172
-44.52758789062501
-36.559982299804695
3.479385375976563
21.919593811035156
-11.075019836425783
-43.285636901855476
-35.40962219238281
4.545097351074219
22.88597106933594
-10.122261047363283
-42.04795837402344
-34.468612670898445
5.131759643554688
23.941001892089847
-8.653602600097658
-41.10294342041016
-33.78021240234375
6.062355041503907
24.73247528076172
-8.132095336914062
-40.80680847167969
-33.57967376708985
5.945663452148438
24.64622497558594
-7.992172241210939
-40.690116882324226
-33.67313385009766
5.810012817382813
24.794960021972656
-7.919273376464845
-40.89786529541016
-34.0087890625
5.583305358886719
25.089492797851562
-7.331275939941407
-40.457267761230476
-34.02988433837891
5.39531707763672
24.791221618652347
-7.276268005371095
-40.3664779663086
-33.62426757812501
5.980110168457031
